768624609750949888
768625956663754752
768626979365060608
768627800228106240
768628671405957120
768630718624694272
768631084254760960
768631564708171776
768631734665641984
768634352796332032
768634485088845828
768634595084496897
768634630316691456
768637527796293633
768638404489719808
768639767726661632
768641009601253376
768643665011048448
768644685866950656
768644704007294978
768646914787176448
768647603101794304
768649340437004289
768650393844748288
768651630829006848
768651673732460544
768654397416943616
768654464593096704
768654638157410304
768656980537970688
768658068309585920
768659722702622720
768660306990075905
768660893122990080
768660992985210881
768661242948956161
768663498528329728
768663692259000320
768664248008466433
768665148169084928
768665208860581888
768665509810188288
768666344137039872
768666730797432832
768666966974341120
768667818183172096
768667823614881793
768667850022219776
768668033699250180
768668222027628545
768668370724151297
768668518363475968
768669839946817536
768669840731049985
768669966593826817
768670199356661760
768670569122373632
768671130878173184
768671383765209088
768671462047698944
768671658110574592
768671697545400320
768672175507202048
768672400196116480
768672657000828932
768673889232838656
768674005662302208
768674228774330368
768674252648124416
768674359414296576
768674359909031936
768674802345259008
768675173427916800
768675272727994368
768675543457882112
768675721195753472
768676089258401792
768676993080692736
768677293539545088
768677435546054656
768677957254586369
768678307718193152
768678358825730048
768678444611825664
768678472797388800
768678479349092352
768678617194856448
768678626044751872
768678659607695360
768678848007319553
768679328376692736
768679692224299008
768680107758137344
768680344845324288
768680601390026754
768680909729964032
768682096898433024
768682101902307328
768682819778441216
768682891714830336
768682966910402560
768683167091875842
768683631837646848
768683851426258944
768684792514748416
768684827147132928
768685431042953217
768685567932506112
768685655694028800
768685748283256832
768685758957826049
768685891707633664
768686036205441024
768686117637988352
768686873929658368
768687504241197056
768687633929150464
768687977405046784
768688052520624129
768688427055194112
768689730028507136
768689986866642944
768690047042322432
768703587421683713
768703615292674048
768704460033921024
768704834136514562
768705151532228608
768705311540547584
768705416847040512
768705550582419457
768705679276253184
768707223186968576
768707653673578498
768708141261459456
768709055011446784
768709301749755904
768709983764553728
768710864354631680
768711206785851392
768711561678561280
768711837298851840
768712205760102400
768712212051587072
768712231513055232
768712302363160576
768713909289226240
768714780173594624
768714949287960576
768715310677438468
768715420954157056
768715637942317056
768715769307881472
768716082379001856
768716250717491200
768716350290362368
768717648255258627
768717829273182208
768718288641720320
768718740624203776
768719224889933824
768719280942841856
768720233947246592
768721111504809984
768723721028669441
768724904485072896
768725909809627136
768726735487545344
768726793020968960
768727024538116096
768727342734831616
768727780553027584
768727810034708480
768728597263622144
768729157442338816
768729925436178432
768730494846570496
768731270205480960
768731797555412992
768732136446824448
768732572771770368
768732996795002880
768733065954914304
768733126541447170
768733557384552448
768734317107445760
768734361323642880
768735227032240128
768735466149416962
768735891644878848
768737363841413120
768738558295224320
768739127646978048
768739703558242304
768740591031025664
768740941540622336
768741190351065088
768742426169139200
768743422849064960
768744566203768832
768745838935810048
768746703419740160
768747317901991936
768747806244769794
768747816965574656
768748375499902976
768749073608372224
768749322716475392
768749383361921024
768749988784533505
768750585004826624
768751151298654208
768751328310927360
768751482623651840
768751616115691520
768752539466543105
768753851709227008
768755081097404416
768755651262701568
768756097184174080
768756424457453569
768757388723838980
768758015239524352
768758123930714112
768758233460776960
768758357813448705
768758652081541120
768759911912132608
768761675403161600
768762536019779585
768764221047894016
768764451600211968
768764651228110848
768764690449240064
768765728182902796
768766758538928129
768767533776199680
768767628743700480
768768273496150016
768768878696542209
768769018689978368
768769173438816256
768769554180898816
768770952477937664
768771152097472512
768771995790024704
768772108717527040
768772183388631040
768772227688984576
768772444651941888
768772615607508993
768773144396046337
768773440698519552
768774503660920832
768774627069874176
768774727628300289
768774746850766849
768774971715969025
768775109980987392
768775295126138880
768776198231060480
768776852915847168
768776984453378048
768777080842625025
768777105828114432
768778950675951618
768779035212152833
768779508816240640
768779658561060864
768780130059563008
768780449627906048
768780693027614720
768781219408609281
768781884964925440
768782389916995584
768783161853706240
768783984465682432
768784030514851841
768784482144890880
768785152814219264
768785489834815488
768786353412775937
768787025378086912
768787776707792898
768787863286714372
768787891577315330
768788557787832320
768788559356506112
768789618086981632
768790062221910016
768790062750314496
768790208259223552
768791303526158336
768791778711396352
768793909480812544
768794055245463552
768794151479496705
768794268265656320
768794269813510144
768795996000231424
768796685715681280
768797333979029504
768797724485513218
768798456353689600
768799001105735681
768799315779284992
768799385891270656
768799424097112065
768799645925376000
768800063594242048
768801524319387648
768804980585291776
768804988646727680
768805281744691200
768807185690271744
768810322757025793
768810643382235136
768811904127016961
768811945101258752
768813540291452928
768813903455420416
768815207296536576
768815856117620737
768816683461074944
768817744473051140
768818672836096002
768819404708671488
768822491049447424
768822900812046340
768823311732183044
768823965363994624
768824830430937089
768826423381487616
768827363656368130
768828143218126848
768828270754209793
768828320058314752
768829377375309824
768830597708079104
768831231261679618
768832049016954880
768837236905226240
768837876830367744
768838069042548736
768838421804482561
768838931966078977
768839882026291200
768840725509214208
768841019832041473
768841235834503168
768841374347198464
768841852913012736
768842089929080836
768843064706273280
768843413110218752
768843652491677696
768844759943307265
768844875580182528
768845664134529025
768846537480962048
768846642447462406
768846788895838208
768848045676957696
768849135508213760
768849160883888128
768849630939394050
768849927938027521
768850159266594816
768850831445725185
768851552740184065
768853119153430529
768853963227537408
768854855733637124
768858790947086340
768860211801010176
768863799520755712
768864173375655937
768864267701329920
768864830073733120
768865979875012608
768866334343991296
768867054996844544
768867570065768448
768868042679816192
768868469639184384
768872908919799808
768873199811502081
768873302785830912
768873861056045056
768874153118142464
768875111659270144
768875430623453184
768875931347877891
768877678803976192
768879138098782208
768879280306675712
768879661120122880
768880152398929921
768880932807778304
768881407112409088
768884406693928960
768885345165385728
768885671159136258
768886121472208897
768886508652601344
768886710398623744
768888465077305344
768889156533563396
768891438444732416
768897321216122880
768899198003453952
768900970386378752
768900987914379264
768902307752742912
768903771929780224
768904838042226688
768905925398663168
768908233377480704
768908278650720256
768908396254859264
768908740884062208
768909233370849282
768912042606505984
768920433555042304
768921323334733824
768921639333531649
768923507853922304
768924670787776512
768925914289704960
768925988080279553
768928914920001536
768930517420875776
768930755644755969
768930835634487296
768933077087297536
768933808859074560
768934341615448064
768941553775554560
768942632940691456
768945431166398466
768945687966937089
768947385351364608
768949472273379328
768955496896135169
768959837367656448
768972673829310464
769307492249538560
768986001104445440
768986327224242178
768990911556640768
768991630560985088
768991909327073280
768993104447672320
768993685912559616
768993772621467648
768996257360523264
768996264478318596
768998616136491008
768998793647788032
769000219023474689
769001847784955905
769002936017969152
769003955611369472
769006842894749696
769007743931969536
769009760876261376
769011849559887872
769015666443771905
769016696086601728
769017798966337537
769018991700475905
769022667735334912
769023276794441728
769023354720358401
769024060026187777
769026059899723776
769026215386705922
769027047452733440
769030267369553920
769031356441583617
769031396287451137
769033299109052416
769034642062213120
769036671140626432
769036771212558337
769036969485697025
769038469909901313
769039248712433664
769041332979597316
769042657981104128
769042882691039233
769048850095112192
769049080203018240
769050335079985153
769051134518517760
769051151564148736
769053524537868289
769053601696190464
769053616883822593
769054778534100992
769057216125100032
769057339622252545
769058651697020928
769058925027201024
769059325042126849
769059754081648640
769060624076795904
769061861572632576
769063075198689280
769063191796129792
769065594775859200
769067002669531136
769067477066276864
769068514086940672
769068701123510272
769070618440499201
769072437220741120
769072638912241664
769073966430425089
769074300376780800
769076954712666113
769079092960518145
769079182596923393
769081002249650177
769081143324971009
769081970848587776
769083083039604737
769083148286193664
769083462854860800
769083819483947009
769084420187942913
769084901773680640
769085024071249920
769085396592525312
769087292225032196
769087583863406592
769087912768106496
769088899356454912
769089218534662144
769090360547143680
769090611790147584
769090685706305536
769091680796569600
769092028747640833
769092537588088832
769093499253886977
769096780248190976
769097345053196288
769097801930244096
769098128758804480
769099656865480705
769099887250210816
769099934654205952
769100073011666944
769100575703175168
769101195369672704
769102135904567296
769102800806514688
769102931224297476
769103062619131906
769103365997469696
769104097828040704
769104685391343616
769105823578648576
769106148247080960
769107003574714368
769108721049960452
769109002646986752
769109192430891008
769109661710749696
769109810742648833
769110500999323648
769111627048296448
769111829494673409
769112004443443200
769112167450718208
769112175302414336
769112508267278336
769112615989628928
769112648893894658
769113067674148864
769113141552648192
769113150360723456
769113679073800193
769114786441289728
769116049547505664
769117047401820160
769117463044722688
769117501716213760
769118504872128512
769118522727337984
769119562633805824
769120010191171584
769120047629422592
769120103703126016
769120764679233538
769120770454720512
769122099160031232
769122273232089089
769122575985238017
769122856038912000
769124315031703553
769125201279877120
769127641702014976
769129135201460224
769129928973574144
769130656748015616
769130835903676416
769131731609944064
769131809162625025
769132292472205312
769132786884182016
769133541317873664
769134094013829120
769136546712813568
769137123635134464
769137419690147840
769138070239055872
769138301601255425
769138316700622848
769138472636469248
769139357894713345
769139530154795008
769139651265179648
769140822210023424
769142370172407808
769142484014366721
769142697152040964
769142970641559553
769143062924783617
769143524067414016
769145083371327489
769145304708812801
769146495199277057
769146516779008001
769146865782620160
769148009942650880
769149236973670401
769149965008601088
769150448099995648
769150553662164993
769150641763708928
769150683014541312
769150721992355840
769150829068750848
769152727045857281
769152834218565632
769154369036120065
769154593074720768
769155152552992768
769155496808882177
769156718873878528
769157057735864320
769157169740513280
769157830817488896
769158738301378560
769159615552577536
769161366632558596
769161598933999616
769162507747483649
769162634545487872
769162838157979649
769163012783550464
769163596760690688
769165223483674624
769166254489894913
769166529606799361
769167666640740352
769168429198680064
769168877662109696
769168993831772160
769169125952192512
769170048619581440
769170922859180032
769174479641509889
769176141877932032
769176184919687168
769176581864427520
769176908760317952
769177077115449344
769177622332846081
769177641412722689
769180256490037248
769180687832260609
769180777506635777
769180964362649600
769181033262641152
769181643651284993
769183170940039168
769183981497487364
769184202637967361
769184274843131906
769184502614790144
769186536764108800
769187274051510273
769187796628172801
769187804601458688
769187809361956864
769189965435502592
769190403677446144
769191497958821889
769191657426354176
769192979403640832
769197292087894016
769197471620861953
769197616357863424
769197808221990914
769197926635671552
769198791073366016
769198922308980737
769199058137321472
769199149908647937
769199177356062721
769199600876027904
769200338712879104
769201272268398593
769201448320176128
769202641972916224
769202970303004673
769203766910390272
769204056564850688
769206255332175873
769206561465962496
769207271414964225
769209691163418632
769209986614431744
769210288793018368
769211029511340033
769211651560132608
769212326209806337
769212689872748544
769212998544199680
769214598222229504
769215280392339456
769216162672488448
769217257180434432
769218509423448064
769221519759278082
769221741289758720
769227129162727424
769227821717696512
769229629219442688
769230558480117760
769231762119462912
769232020916543492
769233503900893184
769235821249658884
769236253451620352
769237416834052096
769240251130847232
769241073814298624
769241196791156736
769241200259846144
769242288149192704
769242820645236736
769244330150203392
769244594756128768
769247961029210116
769248033963773952
769249121660121089
769251148523933696
769251621100544000
769251807365398529
769251952186257408
769252221884043264
769252348971487232
769252364893192192
769253901837172737
769254712616947712
769256237162721280
769257009640189952
769257669068591104
769257678761758722
769258775366729728
769259377605750784
769261116191084544
769263564179771392
769264283632807936
769265128609120256
769265552779083776
769265601655169024
769265950138904577
769267002192097281
769267969218060288
769268973225517056
769269193686523904
769269876846268416
769270260780466180
769271525572739073
769271848055902208
769273227742969860
769274156265250816
769274850552713217
769274919104360448
769277328689995776
769278463937122304
769278901507854337
769279557497008128
769280498170490881
769282345660669952
769282793369141248
769282800948219909
769284940718563328
769289117591035904
769289137568358400
769291931008368640
769292341786083328
769292611970478081
769293360079134720
769293987484237824
769294358252171264
769294763207954432
769295153764798464
769296683234627609
769297485386788864
769298709414748160
769299062466154496
769299557092065280
769301771340615680
769304775942770688
769304986727710720
769305547870916608
769305686152916992
769306664981848065
769307110446362625
769307492249538560
769307741416337409
769308031934951425
769308188378292224
769308535230345217
769310074259005440
769310369206587392
769311677628243968
769312258371391488
769314530966933505
769319331540893696
769319643274063872
769320139745468416
769320261845782528
769320504100433921
768637966675771392
768646442818805760
768659435245805568
768669331895058433
768674307664928768
768676169617059840
768677150325026816
768677333720899584
768677556723658752
768676609952022528
768678060807770112
768680357017157632
768682014300053505
768680851118972929
768683889112018944
768683823567634432
768683430330654720
768687441154809857
768689311487143937
768690713290805249
768690380086845440
768691509583486978
768694025515786240
768695545967677443
768700149287661568
768700137346625536
768701586960969728
768701340797145088
768702753480650753
768702926772539393
768707331437715456
768709108342063104
768722045760700419
768727523169411072
768735486441431040
768737561267228672
768758232798138369
768762169399844864
768777488843563009
768788036041707525
768795391970205696
768829262069497856
768840056266170368
768862251860172800
768871336693362688
768883347707748352
768888181219393536
768903006247067648
768906423719698432
768912800018206720
768929584884703232
768957639321489408
