768261707449991168
768263975033274369
768265234318581761
768265264098050048
768265450199388160
768266124479770624
768267504061906944
768267923097923585
768267948959993856
768268826052009984
768269009036816384
768269161600585729
768269250284941312
768269469848309761
768269535145185280
768269809981284352
768269810866192384
768270279315292160
768270334218891264
768270584371408900
768271112044150784
768271498024980480
768271891672903681
768272333870026752
768272399020154880
768272898695962624
768272899790606336
768272965591044096
768273076978974721
768273198454452224
768273340276420608
768273364007981056
768273421172109312
768273765419671556
768273841810395136
768273918926942209
768273994789318658
768274182870294528
768274591038832641
768274967511392257
768275115570294788
768275141692313600
768275229521154049
768275944175906816
768275967760404480
768276275270123521
768276500307177472
768276504409100288
768276759389364224
768277106870607872
768277441651539968
768277504129892352
768277572887179264
768278189059796992
768278272614526978
768278346534948864
768278352167698432
768278425064931328
768278482195316737
768278520657158145
768278802644373504
768278996182265856
768279119717105672
768279318191419392
768279410302517248
768279445459263488
768279600308912128
768279622668525568
768279743993028608
768279822573400064
768279873970434049
768279918341795840
768280174727049216
768280221673848834
768280560921825280
768280587626946562
768280801913954305
768280833132224512
768280844662247424
768280882796867585
768281372771356672
768281477524041728
768281748517957634
768281962284998656
768282021445701633
768282110310305792
768282217697075201
768282282369097728
768282518290325504
768282846670839808
768283012312162306
768283150992617472
768283243166765056
768283474679599104
768283605797785600
768283775172083712
768283920672575488
768284017661652992
768284455064698880
768284546622103552
768284857747111936
768285039759069186
768285187851554816
768285191110438912
768285423713988608
768285620728844288
768285679109275648
768285718665756672
768285858298376192
768285903462604800
768285969753661445
768286147692814336
768286240613421056
768286444033024000
768286832597405696
768286942865666048
768286977389006848
768286983718248448
768287217454309376
768287371217477632
768287585701507072
768288095779164162
768288295264612353
768288893221216256
768289323460485121
768289451445411840
768289486161612800
768289763774255104
768289796796002308
768289830954409984
768289956338937856
768290163361394688
768290190372679680
768290390453555200
768291013810982912
768291126994317312
768291138994266112
768291351725080576
768291451515969536
768291777170186240
768291816957288448
768291859739254786
768292341434068994
768292470178193413
768292521046716420
768292612730003456
768292737732882432
768293005665169408
768293053199032321
768293059998126080
768293065450631168
768293323119276036
768293653466931200
768293667924606976
768293756072108032
768293804394754052
768293929888260096
768294267261366274
768294334638624769
768294500749848576
768294688495329281
768294863586463744
768294899779112964
768295083183439873
768295181980307456
768296388933267456
768296590641475584
768296592948404227
768297134437183489
768297782725664768
768298028558000130
768298266333028352
768298336159866880
768298553017929730
768298589009215492
768298663839793152
768299332558737408
768299824416370688
768299860474798080
768299963587502080
768300432661766144
768300437032226816
768300706113597440
768300745221210117
768300800107872259
768300972971954176
768301080954347520
768301087736475650
768301158205038593
768301262773243904
768301632769568769
768301755851354112
768301838214934529
768302125747011589
768302266667237376
768302875604692992
768302959943757824
768303123416817664
768303365382037507
768303493975113728
768303524161609728
768303671696171009
768303825195180032
768303914303172608
768304074219335680
768304407058321408
768304637606637568
768304805898878977
768304835636568064
768304836664172546
768304858340274176
768305136061952000
768305192055902210
768305277170950145
768305390652010505
768305535032537088
768305666989498368
768305742092771330
768305795209400320
768306229915574272
768306295774392320
768306334659973120
768306347162996736
768306361188749312
768306541501960192
768306743474425856
768306857618190336
768307020248252416
768307401514557441
768307870093840384
768308263116877824
768308438610894848
768308822511353857
768308839854723072
768310651580129280
768310673939963905
768311156276461570
768311314825359360
768311468026634240
768311911716757504
768311923116953600
768312292949700609
768312400059572225
768313757495877632
768313882595168256
768314066960089088
768314775931592704
768314844055568385
768315473792475136
768315544575488002
768315563936395265
768315608584769536
768316155857690624
768317127145119744
768317328714969088
768317356393332736
768317381349343232
768317404690604032
768317487112945664
768318039561539584
768318049145454592
768319475330519040
768320073878671360
768320256351805440
768320466272526336
768320639551758336
768320663266492417
768321123586932736
768322030181584896
768322210276712448
768322822770917376
768322955994656768
768323050878083072
768323478751555584
768324461254901760
768324540246011904
768324703173898240
768325017503281152
768325057898614784
768325137204600832
768325290846289920
768325314179203073
768326411660759040
768326450575441920
768326889756844032
768327226093895680
768327233358426112
768327686028685312
768327726054854656
768328371432370176
768329461104189440
768329512450949124
768329853544169472
768330189185122305
768330285742067712
768330485902692352
768330539648552961
768330596519206912
768330761342713856
768330905685491712
768330939038625792
768331227245842432
768331244270608385
768331793980416000
768332285653508096
768332597948719105
768332636628672512
768332649102450688
768332750575247360
768332788462387200
768332796507090944
768332880657416192
768333308413485056
768333399547187200
768334015740858368
768334451051008001
768334552200871936
768334618500091904
768334987183566853
768335474796728321
768335627553308673
768336041971515392
768336140445163520
768336576569020416
768336624526786560
768337383775494144
768337658502324225
768337736138752000
768338250498842624
768338580309618691
768338587196751872
768338599699939328
768338791597744128
768339254040752128
768339265042255872
768339747118936064
768340147196813312
768340194718351360
768340232575946757
768340482715820035
768340513510555648
768340558490120193
768340809116585984
768340847871930368
768341355210899456
768341716705370112
768341768446283776
768342904356081664
768343492468830208
768343901560246273
768343928105992192
768344100227604481
768344244100620288
768344464377118720
768344510409519104
768345179682181120
768345489280475136
768346139359752192
768346340522876928
768346450044518400
768346512996708353
768346700566048768
768347028417949696
768347469134594048
768347993527377921
768348081108770816
768348589089259520
768348964861075456
768348966236717056
768348974772199424
768348980136804352
768349146461900801
768351266334466048
768351593251033092
768351694056849408
768352024526192640
768352032021512193
768352061020930048
768352065626132480
768352175944716289
768352203576795136
768352447215636480
768352473308332032
768352726023606272
768352978642276352
768353393362530305
768353441383010304
768353635755560960
768353840143953920
768353972117577729
768354365069557760
768354544031977473
768354803751743488
768354813092491264
768354915760562177
768354976775176196
768355158409486338
768356462657671171
768356721936838656
768356732951207936
768357149529350144
768357349534765056
768357702133243908
768357734387441664
768357777559257088
768358452532015104
768358574456119298
768358755230711808
768359095082496000
768359139206541312
768359293955502080
768359390592114688
768359955405479936
768360206996762624
768360389805342720
768360399272108032
768360931189460992
768361056657809409
768361072042582016
768361193664811008
768361197364129792
768361443381174272
768361695274229760
768361827436748800
768361910395891713
768362111202230272
768362275409371138
768362293839134720
768362353310171136
768362596340670464
768363237612158977
768363252438867968
768363576595656704
768363726730727424
768363781952909312
768364113022025729
768364404173901824
768364903174381568
768365025786531844
768365459662135296
768365804815548416
768366335466307584
768366433101238272
768367176898064385
768367187128119296
768367217436135424
768367452707180544
768367586945949696
768367617417633792
768367726725332992
768368073980141569
768368158352605185
768368531851194371
768369171654594564
768370400678084608
768370817759637504
768370942200479744
768370982771912705
768371038447083521
768371093245538304
768371512382464005
768371611867242497
768371848996413440
768372250642972672
768373151696691200
768373160467173376
768373208747737088
768373594305007616
768373877852344321
768373913738805248
768375168246743041
768376393143054336
768377640470188032
768377833068503040
768378594816995328
768379256023973888
768379538741092352
768379876176912384
768379975133196288
768379992900300800
768380054183219200
768380055038877696
768380142020284416
768380188002443264
768380805685010432
768380875981533185
768381311006408704
768381569165844481
768382142309101569
768382456512782337
768382679335174144
768382748457332736
768382898416283648
768383027495964672
768383035674812417
768383039667699712
768383065370615808
768383104864092160
768387486489931777
768387544480350208
768387666387886080
768387739964346368
768387797732487169
768387817948925952
768387842712100864
768387943627128832
768387954679119872
768388068021792768
768388080864727040
768388108689649664
768388210850271232
768388212628791300
768388467822829568
768388495501123585
768388505512861697
768388515944095744
768388577399083008
768388597808496640
768388617182056448
768388756760104960
768388945654800385
768389095345229824
768389160063344642
768389212030853120
768389353680887808
768389452150501376
768389710184079360
768389822985691136
768389850827456512
768390046676295680
768390288691695617
768390608486539265
768390697514897408
768390724769423364
768390779878318080
768390996723924992
768391043477704705
768391099824177152
768391122955735040
768391419954339844
768391572631105537
768391674775080960
768391747676278784
768391973543743488
768391983714930688
768392057908060161
768392417515012096
768392957431058432
768393049517023232
768393541038944256
768393600262471680
768393722820165633
768393932036304896
768393987807858688
768394127709011968
768394194364825600
768394791797219329
768394866627842048
768395000052903936
768395055576911872
768395567642927104
768395748627062784
768396391236243456
768396447503020033
768396726277378048
768397437673156608
768397494216749056
768397640417423360
768397673191931904
768397824752885760
768397983733780480
768398154026758146
768398462282891264
768398743230087168
768398768764964864
768398795390455813
768399004807729154
768399036923703296
768399067957387264
768399705189543940
768399945497923585
768399959754412032
768400260137947136
768400312424030209
768400768760029184
768400769565327360
768401415181967361
768401760364949505
768403253793030145
768403434756333569
768403477030633476
768403643515142145
768403727220781057
768404302113017856
768404377065238530
768404561253978112
768404846017912832
768405067317841920
768405185592958977
768405323640176640
768406035442851840
768406045886668800
768406612994363392
768406647358095361
768406649866362880
768406764995825664
768406927353131008
768406947884171264
768406959594799105
768407130126835712
768407144861470720
768407325032022016
768407332426485760
768407346859180032
768407926302134272
768408166396784640
768408261821206528
768408275272564736
768408433091633154
768408625110917121
768408692790263808
768408955429224448
768409020470218753
768409067790405632
768409120500281344
768409181325893632
768409400587513856
768409635464237056
768409934828568576
768409967560908800
768410399234482176
768410609637548032
768411236077756416
768411263630204928
768411294789693440
768411322107195393
768411402063208448
768411558829395968
768411910798581760
768412088989458433
768412182522494976
768412319558819840
768412481890897921
768412775949271041
768412777610252288
768412862083629056
768413447478534144
768414073318936585
768414094080835584
768414245646114816
768414514094243840
768414596352843776
768415074939797504
768415308717682688
768415427714179072
768416100455485445
768417073022242816
768417156715479041
768417218153553920
768417578456932352
768418324795396098
768418389526183936
768418475790315521
768418489690390532
768418636155543552
768418896751636480
768419189212188672
768419248351899649
768419371391840256
768419479034400768
768419555857174529
768419891934363648
768420946583678976
768421009443606529
768421013235331076
768421084915990528
768421685473280000
768421825889959936
768421840452747264
768422708522680320
768423365669449728
768423707203207168
768423769161494528
768423947109007360
768424253351927808
768424378681786368
768424606688481280
768425008792240129
768425252577644544
768425253991223296
768425257187340288
768425820272533505
768425906025168897
768425911079276544
768425946399461376
768426241879932928
768426426634686464
768426486348910592
768426680243384320
768426710966472704
768427488280272897
768427551735898112
768427703078912001
768427779993899009
768427786306412544
768428159893180417
768428350763249664
768428747011653633
768429200453742592
768429264974798848
768429313066663936
768429770346553344
768430007521648641
768430032712638464
768430039109079040
768430215982874624
768430270701793281
768430297599795201
768430397076099072
768430472405843968
768430502483070977
768430607055646720
768431017212334080
768431521879302145
768431568515989504
768431618063081473
768431889912885249
768431925002399744
768432587832307713
768433001931866113
768433031317159936
768433295927435265
768433666745925632
768433791027277824
768434057227210753
768435104767062016
768435259507519488
768435717227749376
768435796277800960
768435843044442114
768435927056281600
768436039870316544
768436195936313349
768436512484495360
768436943130595328
768437267677446144
768437409738403840
768437664454500353
768437679449116673
768437872219283457
768437901138931712
768438139652304896
768438642125770753
768438648614162433
768438670428962816
768438729803522048
768439023966629888
768439229353431040
768439405635862528
768440619098406912
768441169999048705
768441562887966723
768441612837859328
768441740416192512
768442503628369920
768442840745664512
768442932491792384
768443432939421696
768443469861879808
768443646601330688
768444396438249473
768444676483391489
768445397186609152
768445700044689408
768445770102140928
768445828180631552
768446201762938880
768447022076727296
768447126569295872
768447305179467776
768447468317147136
768447564756742145
768447742863486977
768447788917071872
768447958425735169
768448048120885248
768448369652105216
768448614939197440
768448633691901952
768448776373624832
768448843256061953
768448909660356608
768449289278279680
768449533189713920
768449534221443076
768449709291741185
768449938871181312
768449990293278720
768450073978101760
768450796111466496
768451469381103617
768451570451247104
768451710385696769
768451738189770752
768451799242145798
768452162590347265
768452204151738368
768452251341852672
768452361341644800
768452774321270784
768452779140526081
768452788292554752
768452820131471360
768453206120730624
768453213943050241
768453395325779972
768453406793015296
768453465236344832
768453605737234432
768453992565252097
768453994641367041
768454096672198656
768454272648302592
768454524021407744
768454892973281280
768456145941831680
768456722776293376
768456739721187332
768457023851757568
768457295294504960
768457321974562816
768457998674989057
768458217504374785
768458270453403648
768458297238249472
768458561231941632
768458764240293892
768458862512906241
768459008004980736
768459294459265024
768460552599326721
768460686053736449
768460827909390336
768460851397308416
768460937548304384
768461378768269312
768461528475455488
768461547660115968
768461600181198848
768461977794543616
768462043347320836
768462568834801665
768462732458766339
768463045194555392
768463383934935040
768463652664045568
768464253388894209
768464613268684800
768464862963990528
768464954542460928
768464959814500352
768465086591610880
768465644710834176
768465786855952384
768465926144528384
768466009330216961
768466057350656001
768466303615131648
768466443176402944
768477206343483396
768477317618397184
768477473554239488
768477560401518606
768477609952808960
768477624855298048
768477722695733249
768478349836505088
768478838661709824
768479226672648196
768479257664249858
768479258343727104
768479259362926592
768479410571706370
768479458042847232
768479818149158915
768479935027679232
768480861478068224
768480918763888641
768480935847297025
768481774003298304
768481811710087168
768482044431130624
768482247301271552
768482543318343680
768483567315750912
768483651449266176
768483699734130688
768484963515629568
768485261181280256
768485699096088576
768486018945286145
768486056941477888
768486075765432321
768486442960052224
768486796816683009
768487797695082497
768489127448682496
768489338896130048
768490240298196992
768490393344307200
768490769891983360
768491182418604032
768491664155422721
768491967697256448
768493083369451520
768493137207623680
768493276202532864
768493311401291776
768493724020174848
768493828814798848
768494009756942336
768494030674071552
768494458413387776
768494621995532289
768494978339180544
768495891770646529
768496122478419969
768496159920795648
768496171862093824
768496351827095552
768496390209024000
768496911317884930
768497476588412929
768497483139977216
768497830902177792
768498965797019648
768499136895160320
768499165496283136
768499504387616768
768499513312948224
768499603394007040
768499698055249920
768499918134730752
768499983863558144
768500217855504385
768500252391473152
768500989833908224
768501064760832000
768501104489459712
768501164354703360
768501249272602624
768501289961545728
768501369489780736
768501565837545472
768501819165253632
768501835430625280
768501989881810944
768502298888724480
768502349321166848
768502369864806400
768502697364291584
768503347657711616
768504509425446912
768505089338150912
768505183672434688
768505229008666625
768505341193687040
768505879310270464
768506438981410816
768506507545542656
768506539510464512
768506938795626497
768507119234613248
768507350504398848
768508286677164032
768508434777907201
768508506244648961
768509010064449537
768509214729863168
768509262804975616
768509385387540480
768509777399967744
768509783322132480
768510059802492928
768510148730097664
768510163259187201
768510361968451585
768510606546726913
768510671931707393
768510916870545409
768511007065051136
768511938917654528
768512011277709312
768512323539509249
768512436878049280
768513036499820545
768513154640809984
768513433318912004
768514024027807744
768514745129250816
768514961521901568
768515143001051136
768515156997509120
768515208708927489
768515215927353345
768515360500883460
768515432190017536
768515534602113024
768515716085669888
768516233088135168
768516580166819840
768516593236180992
768517044681617409
768517669242933253
768517852504596480
768517891465633793
768517964685385728
768518387240665088
768518525111537664
768518583911538688
768518667764051968
768518704225218561
768519002037583872
768519064499032064
768519771822362625
768519870237540352
768520000093102081
768520049673932802
768520053922889728
768520663627890688
768521224209051649
768521513318375425
768522632970973185
768523030385524736
768523216650276864
768523386515492864
768523558989471744
768523665248059392
768524196787859457
768525366356942849
768526234674397184
768526698803441664
768526765111123968
768527170683691008
768527396634886144
768527706879320064
768527804405284864
768527828027576320
768528318576623616
768528373249302528
768528974544797696
768530131677831168
768530197528403969
768531674770513920
768532200753168385
768533854147653632
768534842661281792
768535958467862528
768536177746018306
768536495447805952
768536722334363648
768536816165146624
768538500559958016
768539547231723520
768539689716506625
768540110195396608
768540656771923972
768540711436193792
768541259636105216
768541616571375616
768541916040400897
768541933178421248
768542452206579713
768542928079884289
768544765952614400
768545046312333312
768545095750709248
768545892924215296
768546781474922496
768546975851515904
768547054289170432
768547137005219840
768547475519000576
768553226702458881
768554066146422785
768555391231733760
768555551907250177
768556421160067076
768556515330449408
768556591431966720
768556710923411457
768556991375613952
768558330491072512
768558348841000960
768558466524995585
768558477849595914
768558586985263104
768559167590178816
768559309269655552
768559766369075200
768559929992949761
768560080027578368
768560347959726080
768560531410214912
768561408455958529
768561592472436736
768561863370104832
768562351679344640
768562365532995584
768563137931046912
768563868721438720
768564516703510528
768564538832805892
768564796694237184
768564806051913728
768564956577075200
768564996485898245
768565401382899712
768565474091212801
768566332954583040
768566941661401088
768566942756110336
768567230862860288
768567570123268096
768567616403234816
768567719729827840
768567753846456320
768568114586017792
768568319368724480
768568350259773441
768568573090492416
768568574239711237
768568734919319556
768568821204549632
768568879924862976
768569077493358592
768569646618382337
768569724808474624
768569882787143680
768570323449024513
768570705805844480
768570989978550276
768571406825230336
768571590191751172
768571623452635136
768572097928933376
768572165318901760
768572527991861248
768573233213894657
768573778611666945
768573993418825728
768574247144976389
768574738826485760
768574829406674944
768575040807895040
768575412049850368
768575712722882561
768575966897508352
768577272441769985
768577398707216384
768577772880998400
768577775255126016
768578277338329088
768578580305502208
768579072741957632
768579346147733505
768579460757131264
768579667632664576
768579943424888833
768579982402682880
768580003764121600
768580159750434816
768580186384113664
768580524537475072
768580617554522112
768581051123924992
768581052503908352
768581530746773504
768581667011239938
768581893637873665
768582244294242304
768583699210211329
768584600331259904
768585164406546432
768585207993733120
768585602086346752
768585821377089536
768585822090039296
768586956532047872
768587203077255168
768587292134866947
768587475220508672
768588382448386048
768588807725809665
768588972767444992
768589115625472000
768589758322778112
768590410281316353
768590660219736065
768592628103471104
768593022602784769
768594067290624000
768594211495153664
768594753340465158
768595721587007488
768596171812139008
768597407055638529
768597565411438592
768601179307798528
768601617730011136
768601707383259136
768602084232921088
768602394036928512
768602966550917121
768603280922423297
768603740190412800
768604186527297536
768605030995922945
768606128540356608
768606349236195328
768606760101826560
768606780108730368
768606938170961920
768606938938519552
768607265158991872
768608108780355585
768608904574038016
768609816071766016
768610397058437120
768610855831437312
768611525175029760
768611612907438080
768611618326470656
768615097157779456
768615272475418624
768616941313462272
768617799346368512
768617925028700160
768618345683968000
768618675955834880
768620284752515072
768622300736266241
