768632959649910784
768637966675771392
768681469623492608
768684087028703232
768688368108601344
768705176400175104
768705995337895936
768707126453764096
768714819608334337
768714825417560064
768717007768416256
768717751892533248
768720168583323648
768729445255577601
768729795894968321
768732336666120192
768735619195469824
768735868219629569
768736713476800513
768737582800928770
768743798461440000
768744737863897088
768745988664258560
768757200634441728
768758887063355392
768759688288727040
768765233519296512
768767120142393344
768769977759379456
768772127579336704
768778080915783680
768783300341207041
768784240196591616
768785401418919936
768789883120914433
768790575541870592
768792105451917312
768792137731276800
768792564891721728
768797546806439936
768799099684610048
768804091413798912
768804859407663108
768806059771367424
768808279610884096
768809412744077312
768810619428564992
768811382422724608
768813995763564544
768815218344464384
768817709945610240
768817716996308992
768820146085306368
768820563221417984
768822302582697984
768822681391079424
768823780093427712
768828087412875265
768830981717516288
768831856057851905
768834300754092032
768836090476331008
768838950140141568
768846190511218688
768850149040726018
768853110483738624
768855505066336256
768856637272576000
768857736486359040
768858856482930688
768860982072467456
768863659594579973
768868055837470720
768870785578598400
768871410185936896
768887928659607552
768889796651429888
768890150524903424
768894808408686594
768900617045585920
768902851959500800
768906552451342336
768913368027533312
768914704135839744
768916182774624256
768917288493977600
768917728363184128
768936542534569986
768941840372371456
768944692889124864
768948638240350208
768958328085049348
768958535870799874
768958970136518656
768965279531556868
768978532341014528
769319643274063872
768991464059727872
769037679375872001
769130374106669056
769175571922292737
769250332748767232
769105754334846976
769160295197577217
768720720532738048
768721652091854848
768722116665540608
768722525740232709
768728530444312576
768756103589036032
768757170762571776
768793128300052480
768805856100036608
768816836431327232
768852021990400001
768893579951419392
