768285039759069186
768286044605128704
768288931158695937
768297334652350465
768299309645254656
768300297386995712
768302054557102080
768303803284107264
768317536278568960
768318146000191488
768318419217313793
768320530055168000
768327899225157632
768328841177726976
768331927011069952
768339464888328192
768339620258021376
768339980913639424
768340979413815296
768341571318255617
768342819043966976
768344070708137985
768344380147138560
768346610573148160
768352564601561088
768352770495770624
768363682837499904
768364853870329857
768366578593308672
768369544247271424
768371866474057728
768373724487753729
768374124070768640
768380171116240896
768387927520976896
768390890226200576
768393012535844864
768394761648611328
768395258426109952
768397851386908673
768398035047120896
768398808799711237
768400239203979264
768408502553509888
768408682350649344
768425824362127361
768428541276979200
768433982002245633
768435179018944512
768439059442180096
768442765629722629
768445853283516417
768451037334306816
768452492652793856
768454557840146432
768455807910326273
768456034419478529
768456114350333954
768457694382592000
768458079402885120
768461939769012224
768480587170676737
768480605118009344
768482875947651072
768484304611454977
768489250014662656
768489755973709825
768489840417632257
768490876066680832
768492113352921089
768492909112852480
768496350262460418
768498498929057796
768499618581581825
768499846709911552
768500600069824512
768501059228696576
768502788313653248
768507155473240064
768509922631905280
768515835761664000
768520457779896321
768522040164900864
768522640982208513
768523257498611713
768525046465892352
768525255606411264
768526375087173632
768538386172878852
768540365905399808
768542347512705024
768542874447278085
768543871265566720
768546072365006849
768548480147161088
768552041522135040
768554573787193344
768556244110016512
768559917892370433
768559918437789696
768567839783473152
768571410750898176
768574297992470528
768577135090946050
768577912291328000
768578411736346624
768580138401406976
768580329414066176
768580926251163648
768581765858529281
768581884695674880
768594609433878528
768597868051652608
768600268762075136
768601291555688448
768608350737014785
768609847885631492
768611530740948993
768614281684189184
768616285047558144
768618823872311297
