768624023941029888
768625953794764801
768629284625788929
768630207351623681
768638056219959297
768641607692353536
768652868215635969
768661057795661824
768662043004170240
768668222627336192
768669461847109632
768672980247326720
768675066133508096
768688426728230912
768703895682113536
768704570226778113
768707653673578498
768712022427045888
768714790235738112
768721573280899072
768721833143087104
768724470676590592
768726200986591232
768729948651532288
768735897982496768
768740504016154625
768746425584943105
768749892873445376
768750478679093248
768755580395630592
768755700340228097
768755845085536256
768757554260443136
768759090612989952
768761001407868928
768765828925943808
768768598835916800
768768668863987712
768769338165829632
768769857009704960
768769977759379456
768770227333136384
768771299149750276
768773749302779904
768777208265527297
768782150900584449
768793405103144960
768793828723716096
768795233526087680
768796452428484610
768800256922382336
768801811323097088
768802267042578432
768802580294148096
768802725500899329
768810342977646596
768810763423092738
768812066274578432
768816702956113924
768819079922585600
768819701891805185
768819984780894208
768821166157037568
768821576154378240
768822636436684800
768822935566086144
768827171494203392
768827476902572033
768827541629132806
768830503646617600
768830560366190593
768830972624240640
768831856057851905
768832259256311808
768832593659850752
768835011416129536
768835558223257600
768835897173291010
768836232512212992
768837411262566400
768837733905076224
768839641520824321
768844645824466944
768847507581440000
768847570596528128
768848577225428992
768848802769833984
768853052036177921
768853321822179329
768854384319066112
768857681138487301
768859561168023553
768863604200398849
768870479830589440
768871570936832000
768873438672855040
768876351654723584
768877105962553344
768878589064253441
768878756421394432
768886844352237569
768888082510651392
768888657847717888
768889542040518656
768890414996873217
768892831704363008
768895709579911168
768899934791663616
768902814382764033
768902930049007616
768904081830055936
768904236826492929
768906567701831680
768908958383820800
768910608980992000
768915808005136388
768916430523731969
768917144339935233
768917947297435648
768919220130152448
768919887972446208
768920839597195265
768921273036476417
768922195884068864
768924851365040128
768925914289704960
768927343112970240
768927622214586368
768938115121774593
768940821768904704
768958014745444356
768959512472530945
768961034702852096
769105835255533568
769209849863221248
769203124531781632
769162209494724608
769321604778192896
769311346378829824
768996582415106048
769007752404279296
769033292540706820
769041120693260288
769157894835150848
769160337849450496
769169346572718081
769181038648053760
769211010163019776
769211010163019776
769269646092410880
769307281108467712
769064601199730688
768623330630905857
768659409815961600
768661566170406912
768662818707034112
768664529471283201
768664430351646721
768666992031117312
768669008195235840
768668945742049281
768671914982203392
768679577019305984
768683638837878784
768683269348925440
768687335600828416
768687735792033792
768687908974833665
768695195894358016
768737582800928770
768739298589933568
768771444742299649
768779982751621120
768807038373793792
768841605348466690
768864167851810816
768875864041791488
768889145582194688
768893579951419392
768953046726434816
768978828639305728
