768624023941029888
768625953794764801
768627502927405056
768629071089721344
768629284625788929
768653940686663680
768655306851225600
768655562812821509
768675810882433024
768676582248493061
768677521298714624
768681469623492608
768688368108601344
768703534632165376
768703895682113536
768704570226778113
768717751892533248
768717780728352768
768720720532738048
768721652091854848
768722116665540608
768728530444312576
768729445255577601
768729795894968321
768732336666120192
768735619195469824
768735825999851520
768739648785027072
768743008762269697
768743451122733056
768743798461440000
768746499207491584
768754587692130304
768755700340228097
768758916847177728
768758977224138752
768761379037642752
768766550006378496
768767120142393344
768769338165829632
768770227333136384
768770372095311873
768776643087175680
768776648602693632
768776812109463552
768777208265527297
768781455141011456
768784971104387073
768787790410620928
768789883120914433
768790575541870592
768791938942115840
768792137731276800
768795142329364484
768796452428484610
768796865848610817
768799099684610048
768800256922382336
768801350557720576
768801811323097088
768802198465703936
768802267042578432
768807670367125504
768808279610884096
768808652790755328
768811306430435328
768811382422724608
768812066274578432
768813995763564544
768815218344464384
768816336915075077
768816452132605953
768816540175261696
768816702956113924
768817261100531712
768817775972343808
768819079922585600
768819701891805185
768821132363431936
768823704977420288
768823780093427712
768826554164080640
768834300754092032
768835011416129536
768837733905076224
768838950140141568
768839641520824321
768843717658615809
768843778245402624
768844645824466944
768845155583557637
768845642156367872
768848577225428992
768848802769833984
768853052036177921
768854384319066112
768855600088219648
768868055837470720
768871410185936896
768871466221920256
768873004478631936
768873438672855040
768874538121781248
768875864041791488
768877325576310784
768878589064253441
768882750615007232
768885856237158400
768886844352237569
768887928659607552
768889542040518656
768890414996873217
768892017086763008
768892831704363008
768893221942468608
768894366832144384
768895709579911168
768902814382764033
768902930049007616
768904311048765441
768910608980992000
768917144339935233
768918877531013120
768920839597195265
768922433982074880
768925914289704960
768928956884082688
768940821768904704
768941840372371456
768943046989938689
768944692889124864
768948614177710080
768948638240350208
768953078162698240
768953904570785796
768956923605422080
768958014745444356
768958535870799874
768959512472530945
768961034702852096
769127641702014976
769142697152040964
769160700560367644
769167295860109312
769172020873396224
769227129162727424
768990911556640768
769143591876882432
769157894835150848
769162078930165760
769160337849450496
769211010163019776
769250332748767232
769132846753591296
769232552607354880
769269646092410880
769292109128032256
769193702287876096
768996582415106048
769007752404279296
769033292540706820
769079401032060928
769064601199730688
769169346572718081
769221780376473601
768628564191121410
768651465460031488
768692853568659456
768696919862472704
768714823316168704
768727744788267009
768784542836658176
768804360218353664
768854096795361280
768857635663716352
768868450957656064
768893579951419392
768895767390019585
768894210254655488
768959161535238144
