768267948959993856
768269816100552704
768306420907466752
768306966909247489
768313152098410496
768315293487824896
768318222315687936
768323535588696064
768325132897099776
768335919095156736
768337549945245696
768341083134660609
768344526520025088
768345666724700160
768353288802664448
768358083177418753
768359054276108288
768359451397132289
768359789931929600
768360296595488768
768360416791539712
768362290446032896
768362497736740864
768363334332710912
768364251115380736
768364330639200256
768366722768265217
768367340312338432
768369675541569536
768378458288353281
768379217318907904
768380969434750976
768381874896973825
768387630371340288
768389483335028736
768389951591288832
768390430207647744
768391873786290176
768392022717759488
768393091371896833
768393549058445312
768393961119416320
768394122394755072
768394318897881088
768394461294592000
768397948430450688
768399844075536384
768403802613485568
768405087051976704
768406374380208128
768407796337479680
768408275238973440
768408738038415360
768409112359084032
768410759873323008
768412294900441088
768414472310521883
768414747100344320
768416445931909121
768417767196200960
768418420060745728
768419061210292224
768419413322305536
768419570923298816
768422057847746560
768423666682126336
768425195199721473
768427476469051392
768428541276979200
768431594419941376
768432971628118017
768433069384691712
768434917902540800
768435156935909376
768435157300748288
768435745455341569
768436144887435264
768436223585185792
768439059442180096
768439638222438400
768439865918820352
768439944566013953
768440302789091328
768442765629722629
768445853283516417
768447233079537665
768447390047014912
768447590178455553
768447896240943104
768449139894001665
768449420849545216
768449513472266240
768450033742118912
768450504242425856
768451037334306816
768452335211257856
768454499673448449
768455198264045568
768455347468107776
768457254542581761
768457694382592000
768457782588604417
768458869920165888
768460539802648576
768461960249618433
768463401022545920
768464570537111552
768465252400979968
768465766941274113
768465835811807232
768465917068111872
768476924922462208
768477766941421568
768479275166994432
768480587170676737
768482309943152640
768483490606252033
768484249640968192
768484304611454977
768486394910089216
768487105148354560
768489755973709825
768489840417632257
768490876066680832
768491516776050688
768492113352921089
768492909112852480
768493290731765760
768494444249251840
768495667983421441
768495779350589440
768496350262460418
768496770833874944
768499185981255681
768501059228696576
768502298888724480
768502554615578624
768503797576597508
768503909556088832
768504712102547456
768506782096453632
768507318547787776
768509919544897563
768511010739216384
768512267965136896
768512457954455552
768516026195582976
768518687984717825
768520457779896321
768521645803929600
768523257498611713
768523448436027392
768525191483826176
768526488790446080
768526604146319360
768528478526242816
768532750173294592
768532824404156416
768533851895246848
768534890333601793
768538386172878852
768538851040190464
768546924047642624
768547001613058048
768548480147161088
768548723098017792
768550376433852416
768552041522135040
768554676266622976
768556394647687170
768556528248852480
768557253100244992
768562921320353794
768567839783473152
768568471894560768
768568768406560769
768569264018231296
768571410750898176
768573758235746305
768574812474085376
768575072030175233
768575234517630976
768577135090946050
768578340819243008
768584656388173824
768591529451655169
768593483846197249
768596027498639360
768600441177403392
768604051617439744
768607706542321664
768611378227654656
768614281684189184
768618345683968000
768620775674748928
768621478040379392
