768288931158695937
768300446603579392
768301172708876288
768306420907466752
768308366036897792
768313152098410496
768315293487824896
768318222315687936
768323535588696064
768325132897099776
768332398820032512
768337549945245696
768341083134660609
768345666724700160
768354192578768896
768356256088256512
768358083177418753
768359054276108288
768359451397132289
768359789931929600
768360296595488768
768366800744673280
768367340312338432
768367953398079488
768369675541569536
768378458288353281
768379217318907904
768381874896973825
768387630371340288
768389483335028736
768390430207647744
768390890226200576
768391873786290176
768392022717759488
768393091371896833
768397122458845184
768399993162043392
768405087051976704
768407796337479680
768412294900441088
768412466850177024
768412960569995264
768414472310521883
768414747100344320
768416445931909121
768418420060745728
768419061210292224
768419570923298816
768422057847746560
768423666682126336
768425195199721473
768427476469051392
768431594419941376
768432971628118017
768433069384691712
768434917902540800
768435156935909376
768435745455341569
768436223585185792
768436703052922881
768440302789091328
768443206895828992
768444631260553216
768447390047014912
768447896240943104
768448747097452545
768449420849545216
768449513472266240
768450033742118912
768450504242425856
768453725476286464
768455198264045568
768455236583362560
768458269102702594
768458869920165888
768463410262597635
768464570537111552
768465822662656002
768465917068111872
768466111738314755
768476796811563008
768479275166994432
768479410571706370
768482309943152640
768482385033850880
768482955513716736
768484394298290177
768485818856013824
768486394910089216
768488362353098752
768491516776050688
768492994039279616
768494528378449920
768495779350589440
768499185981255681
768499846126903296
768500154253111296
768502054893424640
768502298888724480
768504712102547456
768506658339319809
768506782096453632
768509338147098624
768509919544897563
768512457954455552
768515505665744897
768519354694692864
768523249730727937
768525191483826176
768525498121129984
768526488790446080
768527647945072640
768528478526242816
768530860186402818
768531692189548544
768532750173294592
768532846256488448
768534890333601793
768536876823224320
768537578874277888
768538735617069056
768540210661580800
768546924047642624
768548116752498689
768548723098017792
768555053212770304
768557253100244992
768568471894560768
768568768406560769
768574365944324096
768574812474085376
768575191198806016
768575234517630976
768577739414704128
768584656388173824
768590960716500992
768591078018715648
768591529451655169
768592094772523009
768600441177403392
768604463808458752
768609212469501952
768611378227654656
768614281684189184
768618345683968000
768621478040379392
